  0.421603 -0.00452084 0.000913315  0.00110149   -0.509572 -0.00588253    0.862497
  0.425864  -0.00292294 -0.000151949   3.6221e-05    -0.510305 -0.000511439      0.86091
  0.431596 -0.00132504 -0.00121721 -0.00102904  -0.511037 0.00485966   0.859323
  0.435902 0.000272851 0.000380683  3.6221e-05  -0.500539 0.00827762   0.858347
  0.441624 0.00187075 0.00197858 0.00110149 -0.490041 0.0116956   0.85737
  0.445904 0.00187075 0.00144595 0.00216675  -0.490285 0.00766727    0.85676
  0.451475 0.000272851 0.000380683  0.00376465    -0.494802 -0.000145228     0.857126
  0.455833 -0.00132504 0.000380683  0.00110149   -0.509084 -0.00527218    0.858347
  0.461596 -0.00132504 0.000913315 -0.00209431   -0.519094 -0.00661495    0.858591
  0.465773 -0.000792412  0.000380683  -0.00209431  -0.510427 0.00241825   0.860178
  0.471593 -0.000259779 -0.000151949  -0.00209431  -0.50176 0.0114515  0.861764
  0.475805 -0.00132504 0.000913315  3.6221e-05 -0.496633 0.0121839  0.859567
  0.481697 -0.00239031  0.00197858  0.00269938 -0.490773 0.0103528  0.856882
  0.485703 -0.000259781  0.000913315   0.00163412  -0.492849 0.00327274    0.85798
  0.491572   0.00187075 -0.000151949  3.62247e-05  -0.501027 -0.0035632   0.860788
  0.495835  0.000272851 -0.000151949  3.62247e-05   -0.510427 -0.00563839     0.86091
  0.501574  -0.00132504 -0.000684581  -0.00102904   -0.514211 -0.00222042    0.858713
  0.505824 -0.00132504 -0.00121721 -0.00049641  -0.508352 0.00473758   0.859567
  0.511621  -0.00132504 -0.000684581  0.000568856  -0.498342 0.00876591   0.859079
  0.515946 -0.00292294 0.000913315 0.000568856  -0.493947 0.00705692   0.855905
  0.521588 -0.00239031 0.000913315  0.00216675  -0.496999 0.00168583   0.856638
  0.525852 -0.000259779 -0.000151949   0.00216675   -0.504445 -0.00380734    0.860056
  0.531708 -0.000792412  0.000380683   0.00110149   -0.512258 -0.00527218    0.861154
  0.535774 -0.000792412 -0.000151949   3.6221e-05    -0.514333 -0.000511439     0.859201
  0.541589  -0.00239031 -0.000151949  -0.00049641  -0.506887 0.00742313   0.860056
  0.546022 -0.00345557  0.00144595  0.00163412  -0.49529 0.0120618  0.860544
  0.551477 -0.00132504  0.00144595  0.00323202  -0.489675 0.00925419   0.856882
  0.555823 -0.000792412  0.000380683   0.00323202  -0.492849 0.00168583   0.856515
  0.561614  -0.00132504 -0.000151949   0.00376465   -0.502126 -0.00515011    0.859689
  0.565829  -0.00132504 -0.000151949   0.00216675   -0.51299 -0.0080798   0.860056
  0.571614 0.000272851 -0.00121721 -0.00102904   -0.517873 -0.00417355    0.858591
  0.576044  0.00240338 -0.00174985 -0.00102904  -0.511525 0.00449344   0.859567
  0.581475 0.000272851 0.000913315 3.62247e-05 -0.499196  0.010597    0.8603
  0.585818 -0.00185768  0.00197858  0.00110149 -0.491628 0.0104749  0.857858
  0.591612 -0.00185768  0.00144595  0.00323201   -0.49236 0.00485966   0.857126
  0.595947 -0.00239031  0.00197858  0.00269938   -0.498952 -0.00173214    0.859933
   0.60166 -0.00185768 0.000913315  0.00110149   -0.508107 -0.00502804     0.86091
   0.60578  -0.00185768 -0.000684581   3.6221e-05   -0.513356 -0.00368527    0.859201
  0.611594 -0.00132504 -0.00121721 -0.00049641   -0.50884 0.00339481   0.859811
  0.615667 0.000272853 0.000380683 0.000568856  -0.499196 0.00901005   0.859689
  0.621581 0.000272853  0.00197858  0.00269938  -0.493337 0.00791141   0.857004
  0.625927 0.000805484 0.000913315  0.00323201  -0.495046 0.00266239   0.856515
  0.631577  0.00187075 -0.00121721  0.00216675   -0.502736 -0.00380734    0.859079
  0.635833  0.00133812 -0.00174985  0.00110149   -0.511647 -0.00624874    0.861276
  0.641477  0.000272853 -0.000684581  3.62247e-05    -0.51592 -0.00222042    0.859689
  0.645692 -0.000792412 -0.000151949  0.000568856  -0.509938 0.00583622   0.859933
  0.651584 -0.00132504 0.000380683  0.00110149 -0.497731 0.0120618   0.86091
  0.655854 -0.00239031  0.00144595  0.00216675 -0.489675 0.0113294  0.857858
  0.661631 -0.00239031  0.00197858  0.00376465  -0.490407 0.00485966   0.857248
    0.6657 -0.000792412  0.000913315   0.00323201   -0.499196 -0.00295284    0.859323
  0.671572 -0.000792412 -0.000151949   0.00110149   -0.510549 -0.00795773      0.8603
  0.675975  -0.00185768 -0.000684581  3.62247e-05  -0.517507 -0.0060046   0.858591
  0.681383 -0.000792412 -0.000684581  -0.00102904  -0.514333 0.00192997   0.858469
  0.685877 -0.000259779  0.000380683  -0.00102904  -0.503347 0.00888798     0.8603
  0.691432 -0.00185768 0.000913315  0.00110149 -0.493703 0.0104749  0.858224
  0.695794 -0.000792412   0.00144595   0.00269938  -0.491994 0.00608036   0.857248
  0.701614  0.00133812 0.000913315  0.00323202    -0.497487 -0.000389368     0.859933
   0.70586 -0.000792412 -0.000151949   0.00269938   -0.506398 -0.00405148    0.861276
  0.711588  -0.00345557 -0.000151949   0.00110149   -0.512746 -0.00319699    0.859445
  0.715726  -0.00185768 -0.000151949  3.62247e-05  -0.510183 0.00290653   0.858957
  0.721679 0.000272853 0.000380683 3.62247e-05  -0.500783 0.00925419   0.859811
  0.726056 -0.000792412   0.00144595   0.00163412  -0.493093 0.00937626   0.858224
  0.731481 -0.00132504 0.000913315  0.00323202  -0.493825 0.00388309   0.857126
   0.73578 -0.000259779  0.000380683   0.00269938   -0.501149 -0.00307492    0.858957
  0.741577 -0.000792412  0.000380683   0.00110149    -0.51006 -0.00588253    0.861154
  0.746081 -0.000792412 -0.000684581  -0.00049641   -0.516408 -0.00331906    0.859933
  0.751594  -0.00185768 -0.000151949  -0.00156168   -0.51299 0.00363895   0.859079
  0.755901 -0.00185768  0.00144595 -0.00102904 -0.500905 0.0112073  0.860666
  0.761431 -0.000792412   0.00197858   0.00163412 -0.490773 0.0121839  0.858713
  0.765775 -0.00185768  0.00251121  0.00269938  -0.489309 0.00681278   0.856638
  0.771678 -0.00132504  0.00144595  0.00163412   -0.496511 -0.00087765    0.858713
  0.776203  -0.00132504 -0.000684581   0.00110149   -0.506887 -0.00673702    0.860788
  0.781401 -0.00185768 -0.00121721 0.000568856   -0.515432 -0.00661495    0.859445
  0.785797 -0.00132504 -0.00121721 -0.00049641   -0.515798 0.000220983    0.858347
  0.791739  -0.00185768 -0.000151949  -0.00049641  -0.506276 0.00803348   0.859811
    0.7958 -0.00239031  0.00197858 0.000568856 -0.496267 0.0102307  0.858102
  0.801614 -0.00185768  0.00197858  0.00216675 -0.493093 0.0063245  0.856393
  0.805913 -0.00185768 0.000380683  0.00323202   -0.496877 0.000465124    0.858835
  0.811741 -0.00185768 -0.00121721  0.00110149   -0.505422 -0.00344113    0.861642
  0.816257 -0.000792412  -0.00228248  -0.00049641   -0.512624 -0.00331906    0.860666
  0.821632 -0.000259779  -0.00174985  -0.00049641  -0.511403 0.00217411   0.859201
  0.825919 -0.000792412 -0.000684581  -0.00049641  -0.502736 0.00864383   0.860422
    0.8316 -0.00132504 0.000913315 0.000568856   -0.49468 0.00974247   0.858347
  0.835787 -0.00132504  0.00144595  0.00163412  -0.493581 0.00534794   0.856271
  0.841612  -0.00185768 -0.000151949   0.00269938   -0.498952 -0.00185421    0.858347
  0.845925 -0.000792412  -0.00121721   0.00110149   -0.507863 -0.00661495    0.860666
  0.851582  0.00133812 -0.00121721 -0.00209431   -0.516042 -0.00576046    0.860056
  0.855869  0.000805484 -0.000684581  -0.00102904   -0.515187 0.000220983    0.859079
  0.861619  0.000272853 -0.000151949  0.000568856  -0.504567 0.00913212   0.860422
   0.86582 -0.000259779  0.000913315   0.00110149 -0.493093 0.0129163  0.859201
  0.871605 -0.000792412   0.00144595   0.00323201  -0.488698 0.00888798   0.856882
  0.876439 -0.000792412  0.000380683   0.00323201  -0.493703 0.00144169    0.85798
  0.881242  -0.00185768 -0.000151949   0.00216675   -0.503469 -0.00515011    0.860544
  0.885955 -0.000259781 -0.000684581  0.000568852   -0.513234 -0.00649288    0.860178
  0.891773 0.000272851 -0.00174985 -0.00209431   -0.516164 -0.00161007    0.858347
  0.895799 -0.00132504 -0.00121721 -0.00156168  -0.507985 0.00583622   0.859567
  0.901775 -0.00132504 0.000913315 0.000568856 -0.497243 0.0101087  0.859079
  0.905707 -0.00185768  0.00197858  0.00216675  -0.493337 0.00717899    0.85676
  0.911609 -0.000792412  0.000913315   0.00323202  -0.496755 0.00156376    0.85798
  0.915989 -0.000259779  0.000913315   0.00323202   -0.504201 -0.00283077    0.860422
  0.921582 -0.00132504 0.000913315  0.00110149   -0.511769 -0.00417355    0.860422
  0.925942  -0.00132504 -0.000684581  -0.00049641   -0.512746 0.000709265    0.859323
  0.931706  -0.00132504 -0.000684581  -0.00049641  -0.504567 0.00803348   0.860544
  0.935813 -0.000259779  0.000913315   0.00110149 -0.494435 0.0108411  0.859323
  0.941626 0.000805486  0.00197858  0.00376465  -0.491018 0.00669071   0.856149
  0.945758 0.000805486 0.000913315  0.00376465    -0.496144 -0.000511439     0.857126
  0.951584  0.000272853 -0.000684581   0.00323202    -0.50591 -0.00624874    0.860056
   0.95593 -0.000259779 -0.000684581   0.00163412    -0.51531 -0.00710324    0.859933
  0.961603 -0.000792412 -0.000684581  -0.00049641 -0.517385 -0.001488  0.858469
  0.965848 -0.00185768 0.000380683 -0.00102904  -0.508352 0.00791141   0.860056
  0.971624 -0.00239031  0.00197858 -0.00102904 -0.495778 0.0134046  0.859811
  0.975588 -0.00239031  0.00197858  0.00163412 -0.489553 0.0110852  0.857492
  0.981596 -0.00132504  0.00144595  0.00376465 -0.491994 0.0042493   0.85798
  0.985898 0.000272853 0.000913315  0.00216675  -0.500783 -0.0035632   0.860056
  0.991711 -0.000259779  0.000380683  0.000568856   -0.510671 -0.00722531    0.860056
  0.995824 -0.000792412  -0.00121721  -0.00102904   -0.515065 -0.00368527     0.85798
   1.00174 -0.000259779  -0.00121721  -0.00156168  -0.509816 0.00376102   0.858713
   1.00582 -0.00132504 0.000913315 -0.00049641  -0.499562 0.00888798   0.859079
   1.01159 -0.000792412   0.00144595   0.00110149 -0.494191 0.0075452  0.856271
   1.01587 -0.000259779  0.000913315   0.00323201  -0.496144 0.00229618   0.857004
   1.02164 -0.00132504 0.000913315  0.00323201    -0.50298 -0.00258663    0.861032
   1.02601 -0.00132504 0.000380683  0.00110149   -0.511159 -0.00441769    0.861764
   1.03161  -0.00132504 -0.000151949  3.62247e-05    -0.513478 -0.000511439     0.859567
   1.03597 -0.000792412 -0.000684581  3.62247e-05   -0.50652 0.00693485   0.860056
   1.04164 -0.00185768 0.000913315  0.00110149 -0.495778 0.0109632  0.860056
   1.04573 -0.00292294  0.00251121  0.00216675  -0.490651 0.00852176   0.856882
   1.05225 -0.000792412  0.000913315   0.00269938  -0.494558 0.00119755   0.856393
   1.05598  0.000805486 -0.000684581   0.00269938   -0.503469 -0.00576046    0.859567
   1.06148  0.000272853 -0.000684581   0.00110149   -0.513723 -0.00746945    0.860544
   1.06593 -0.000259779  -0.00121721  -0.00049641  -0.518605 -0.0035632   0.858347
   1.07162 -0.000792412  -0.00121721  -0.00049641  -0.511647 0.00522587   0.859689
   1.07559 -0.000792412  0.000380683  3.62247e-05  -0.49883 0.0118177  0.860544
   1.08164 -0.000792412  0.000913315   0.00110149 -0.491262 0.0112073  0.857614
   1.08581 -0.00185768 0.000913315  0.00323201   -0.49175 0.00595829    0.85737
   1.09161 -0.00345557 0.000380683  0.00376465 -0.498586 -0.001488  0.859445
   1.09574  -0.00185768 -0.000151949   0.00216675   -0.508352 -0.00539425     0.86091
   1.10159 0.000805486 -0.00121721 0.000568856   -0.514455 -0.00307492    0.858957
   1.10585 0.000272853 -0.00174985 3.62247e-05  -0.510671 0.00278446   0.858835
   1.11173 -0.000792412  0.000380683  3.62247e-05  -0.500539 0.00827762   0.860056
   1.11596 -0.000792412   0.00144595   0.00110149  -0.494435 0.00766727   0.857004
   1.12164 -0.00185768  0.00144595  0.00216675  -0.495168 0.00254032   0.856515
   1.12596 -0.00292294  0.00144595  0.00163412   -0.501638 -0.00209835    0.859079
   1.13163 -0.00185768 0.000380683  0.00110149   -0.510183 -0.00466183    0.860544
   1.13589 -0.000792412 -0.000684581  0.000568856 -0.514333 -0.001488  0.859689
   1.14164 -0.000792412  -0.00121721  -0.00102904  -0.509328 0.00583622   0.859567
    1.1459 -0.000792412 -0.000151949  0.000568856 -0.497609 0.0112073  0.860178
    1.1516 0.000805484  0.00144595  0.00323202 -0.490407 0.0104749  0.857858
   1.15585 0.00187075 0.00144595 0.00269938  -0.491872 0.00363895    0.85676
   1.16164 0.000805484 0.000380683  0.00216675   -0.499196 -0.00429562    0.858957
   1.16579 -0.000259779  0.000380683  0.000568852   -0.510549 -0.00832394    0.860788
   1.17161 -0.000792412  0.000380683  -0.00156168  -0.518239 -0.0060046   0.858835
   1.17561  -0.00185768 -0.000151949  -0.00102904  -0.514577 0.00192997   0.858591
   1.18143 -0.00239031  0.00144595 -0.00049641  -0.503102 0.00974247     0.8603
   1.18592 -0.00239031  0.00251121 0.000568852 -0.493703 0.0112073  0.858102
   1.19172 -0.000792412   0.00144595   0.00216675   -0.49175 0.00730106   0.856638
   1.19588  0.000272853 -0.000151949   0.00269938   -0.496511 0.000220983    0.859323
   1.20197  -0.00132504 -0.000684581   0.00269938  -0.505422 -0.0047839   0.862009
   1.20587  -0.00185768 -0.000151949  0.000568852    -0.51299 -0.00380734    0.860178
   1.21149  -0.00132504 -0.000684581  -0.00102904  -0.511525 0.00144169   0.858957
   1.21574 -0.000792412  0.000380683   3.6221e-05 -0.502736 0.0075452    0.8603
   1.22163 -0.000792412   0.00144595   0.00110149   -0.49529 0.00888798   0.858102
   1.22592 -0.00185768 0.000380683  0.00216675  -0.494313 0.00473758   0.856271
   1.23159  -0.00132504 -0.000151949   0.00216675   -0.500295 -0.00136593    0.858469
   1.23579  0.000272853 -0.000151949   3.6221e-05    -0.50884 -0.00515011    0.860788
   1.24158 0.000805486 -0.00121721  3.6221e-05   -0.514455 -0.00295284    0.859567
   1.24591 -0.00132504 -0.00121721  3.6221e-05 -0.511769 0.0042493  0.858835
    1.2516 -0.00345557 0.000380683  3.6221e-05 -0.500661 0.0109632  0.860544
   1.25583 -0.00185768  0.00144595  0.00163412 -0.490773 0.0119397  0.858469
   1.26163 -0.000792412   0.00144595   0.00323201 -0.490041 0.0063245  0.856515
   1.26606 -0.000792412  0.000380683   0.00376465   -0.496877 -0.00197628    0.858835
   1.27176 -0.000792412 -0.000151949   0.00323202   -0.507497 -0.00771359    0.861276
   1.27605  -0.00132504 -0.000151949  0.000568856   -0.516408 -0.00759152    0.859323
   1.28156 -0.000259779 -0.000151949  -0.00156168    -0.516652 -0.000633509     0.858224
   1.28583 -0.000259779  0.000913315  -0.00102904  -0.507009 0.00778934   0.860422
   1.29179 -0.00185768  0.00197858 0.000568852  -0.4959 0.010597 0.858713
    1.2962 -0.00239031  0.00144595  0.00323201 -0.491994 0.0075452  0.856515
   1.30174 -0.00345557 0.000380683  0.00429728   -0.49529 0.00119755   0.858347
   1.30601  -0.00239031 -0.000684581   0.00269938   -0.503469 -0.00368527    0.861032
   1.31169 -0.00132504 -0.00121721  0.00163412   -0.511769 -0.00429562    0.859811
    1.3158 -0.00292294 -0.00121721 0.000568852   -0.512502 0.000465124    0.858591
   1.32158  -0.00239031 -0.000684581  -0.00049641 -0.503957 0.0075452  0.859933
     1.326 -0.00239031 0.000380683  0.00110149  -0.495046 0.00888798    0.85798
    1.3315 -0.00185768 0.000913315  0.00216675  -0.493459 0.00449344   0.855905
    1.3358 0.000272853 0.000380683  0.00216675   -0.498464 -0.00124386    0.857858
    1.3417  0.000805486 -0.000151949   0.00163412   -0.507375 -0.00588253    0.860422
   1.34585 -0.000259779 -0.000151949  -0.00102904   -0.515187 -0.00527218    0.860422
   1.35163 -0.000792412 -0.000684581  -0.00262694  -0.514455 0.00168583   0.858957
   1.35599 -0.000259779 -0.000684581  -0.00102904  -0.503469 0.00998661   0.860178
    1.3616 -0.000792412  0.000380683   0.00110149 -0.492238 0.0131604  0.859567
   1.36592 -0.00345557  0.00144595  0.00376465  -0.489186 0.00852176   0.856882
   1.37169 -0.00452084 0.000913315  0.00536255    -0.493703 -0.000267298     0.858224
   1.37593  -0.00185768 -0.000151949   0.00376465   -0.503591 -0.00710324    0.860544
   1.38402  -0.00132504 -0.000684581   0.00163412   -0.514089 -0.00856808    0.859689
   1.38609 -0.00132504 -0.00121721 -0.00049641   -0.517141 -0.00307492    0.858347
   1.39177 -0.000792412  -0.00121721  -0.00049641   -0.50945 0.00571415   0.859689
   1.39595 -0.00239031 0.000380683  0.00269938 -0.498098 0.0101087  0.859201
   1.40159 -0.00239031  0.00197858  0.00376465   -0.49236 0.00876591   0.857248
   1.40605 -0.00132504 0.000913315  0.00376465   -0.49468 0.00266239   0.858469
   1.41148 -0.000792412 -0.000151949   0.00323201    -0.50176 -0.00295284     0.86152
   1.41585 -0.000792412 -0.000151949   0.00163412   -0.509938 -0.00344113    0.861032
    1.4216 -0.000792412 -0.000151949  0.000568856   -0.512624 0.000465124    0.858957
   1.42592  -0.00185768 -0.000151949  0.000568856  -0.505788 0.00717899    0.86091
   1.43162 -0.00345557 0.000913315  0.00163412  -0.496755 0.00998661   0.859445
   1.43576 -0.00132504 0.000913315  0.00216675  -0.493093 0.00620243   0.856027
   1.44158  0.000272853 -0.000684581   0.00269938    -0.496999 -0.000267298     0.857004
   1.44596  -0.00132504 -0.000684581   0.00216675   -0.506154 -0.00576046    0.859567
    1.4516 -0.000792412 -0.000684581   3.6221e-05   -0.514699 -0.00637081    0.860544
   1.45633 0.000272853 -0.00121721 -0.00156168    -0.516408 -0.000267298     0.858835
   1.46163 -0.000259779 -0.000684581  -0.00102904  -0.507741 0.00803348   0.859933
   1.46595 -0.000259779  0.000380683   0.00163412  -0.49529 0.0129163    0.8603
   1.47169 -0.00132504  0.00144595  0.00376465 -0.489431  0.010719  0.857736
   1.47584 -0.00185768 0.000913315  0.00323201   -0.49175 0.00278446   0.857736
    1.4816 -0.00185768 0.000913315  0.00216675   -0.500783 -0.00466183    0.860178
   1.48591 -0.000792412  0.000913315   0.00110149   -0.512258 -0.00759152    0.860666
   1.49174 -0.000259779 -0.000151949  3.62247e-05   -0.516896 -0.00392941    0.858469
   1.49585 -0.000792412 -0.000151949  3.62247e-05  -0.511159 0.00449344   0.858957
   1.50163 -0.000792412  0.000380683  -0.00049641  -0.500051 0.00986454   0.859811
   1.50595 -0.00185768  0.00144595 0.000568852  -0.492971 0.00852176   0.857126
   1.51163 -0.00292294  0.00144595  0.00269938 -0.494435 0.0030286  0.856515
   1.51586 -0.00132504 0.000913315  0.00269938   -0.501271 -0.00234249    0.859933
    1.5216 0.000272853 0.000380683  0.00110149   -0.509694 -0.00368527    0.860788
   1.52598 -0.00185768 -0.00121721 -0.00049641    -0.513723 -0.000389368     0.858835
   1.53167 -0.00185768 -0.00121721 -0.00049641  -0.507497 0.00620243   0.859933
   1.53584 -0.00132504 0.000913315 0.000568856 -0.496755 0.0102307  0.860056
   1.54165 -0.00239031  0.00144595  0.00216675  -0.491384 0.00766727    0.85676
   1.54584 -0.00239031 0.000913315  0.00429728  -0.494435 0.00156376   0.856149
   1.55163 -0.00239031 0.000380683  0.00482991   -0.503102 -0.00441769    0.859201
   1.55601 -0.000792412 -0.000151949   0.00216675   -0.512746 -0.00710324    0.860422
   1.56151  0.000272853 -0.000684581  3.62247e-05   -0.517385 -0.00307492    0.857858
   1.56841 -0.000792412  -0.00121721  0.000568856  -0.510793 0.00571415   0.858591
   1.57161 -0.00185768 0.000380683  0.00163412 -0.498342 0.0120618  0.860056
   1.57583 -0.00239031  0.00197858  0.00269938 -0.490285 0.0113294  0.857736
   1.58165 -0.00185768 0.000913315  0.00269938  -0.490041 0.00485966   0.857736
   1.58601 -0.000792412 -0.000151949   0.00216675  -0.497853 -0.0027087     0.8603
    1.5916  -0.00132504 -0.000151949   0.00216675   -0.509084 -0.00698117    0.861032
   1.59574  -0.00239031 -0.000151949   0.00163412  -0.515798 -0.0047839   0.858469
   1.60158  -0.00185768 -0.000151949  0.000568856   -0.51238 0.00241825   0.857736
    1.6058 -0.00185768 0.000913315 0.000568856  -0.501882 0.00852176   0.859567
    1.6116 -0.00239031  0.00197858  0.00163412  -0.494435 0.00949833   0.857736
   1.61594 -0.00185768 0.000913315  0.00163412  -0.494802 0.00461551   0.857004
   1.62161 -0.000259779 -0.000151949   0.00216675 -0.500417 -0.001488  0.860056
   1.62592  0.000272853 -0.000684581   0.00163412   -0.508718 -0.00453976    0.861032
   1.63249 -0.000792412 -0.000684581  3.62247e-05   -0.513845 -0.00234249    0.858591
   1.63588 -0.000792412  0.000380683  -0.00102904  -0.509206 0.00498173   0.859079
   1.64162 -0.00132504  0.00144595 -0.00102904 -0.498952 0.0103528  0.860544
   1.64829 -0.000259781   0.00144595   0.00163412  -0.491628 0.00925419   0.857248
   1.65174 0.000805484 0.000913315  0.00323202 -0.492604 0.0030286  0.856027
   1.65598  0.000805484 -0.000151949   0.00269938   -0.500905 -0.00429562    0.858957
   1.66167   0.00133812 -0.000684581   0.00269938  -0.511281 -0.0080798   0.860666
   1.66576 -0.000259779 -0.000151949   0.00110149   -0.517507 -0.00551632    0.859079
   1.67167 -0.000259779 -0.000684581  -0.00102904  -0.513234 0.00229618   0.859201
   1.67581 0.000272853 0.000913315 -0.00049641 -0.501027  0.010719  0.860666
   1.68161 0.000272853  0.00304384  0.00110149 -0.491628 0.0126722  0.858347
   1.68607 -0.000259779   0.00197858   0.00269938  -0.490163 0.00705692   0.857126
   1.69144 -0.000792412  0.000913315   0.00216675    -0.496022 -0.000267298     0.859323
   1.69583 0.000272853 0.000380683  3.6221e-05    -0.50591 -0.00515011     0.86091
   1.70189 -0.000259779  0.000380683  0.000568852  -0.504811 0.00144169     0.8603
   1.71582 -0.00292294 0.000913315  0.00269938    -0.4959 0.00852176   0.857248
   1.72161 -0.00452084 0.000913315  0.00376465  -0.494802 0.00461551   0.855905
   1.72589  -0.0039882 0.000913315  0.00429728   -0.499807 -0.00124386    0.858469
   1.73175  -0.00185768 -0.000151949   0.00269938   -0.507741 -0.00417355     0.86091
   1.73581 -0.00132504 -0.00121721 -0.00049641  -0.514211 -0.0027087   0.859811
   1.74165 -0.000792412  -0.00121721  -0.00156168  -0.511769 0.00351688   0.859323
   1.74595 -0.000259779  0.000380683  -0.00049641 -0.501027 0.0103528  0.861032
   1.75146 -0.000792412   0.00251121   0.00110149 -0.491872  0.010719  0.858835
   1.75579 -0.000259779   0.00197858   0.00269938  -0.490773 0.00559208   0.856515
   1.76159 -0.00185768 0.000380683  0.00110149    -0.50591 -0.00099972    0.857004
   1.77576 -0.00239031 0.000913315 0.000568852  -0.504934 0.00388309   0.856638
   1.79144 -0.00132504  0.00144595  0.00269938  -0.490529 0.00827762   0.856638
   1.79583 -0.000259779  0.000913315   0.00376465   -0.49468 0.00107548   0.858957
    1.8016 -0.000259779  0.000380683   0.00376465   -0.503957 -0.00417355    0.861276
   1.80589  -0.00132504 -0.000151949   0.00216675    -0.51238 -0.00453976    0.860178
   1.81161  -0.00185768 -0.000151949   0.00110149   -0.513723 0.000220983    0.858469
   1.81584  -0.00292294 -0.000151949   0.00110149  -0.505544 0.00620243   0.859689
   1.82161 -0.00185768 0.000380683  0.00110149  -0.496267 0.00876591   0.858957
    1.8259 -0.00185768 0.000913315  0.00269938  -0.494069 0.00571415    0.85676
   1.83161 -0.00185768 0.000913315  0.00376465   -0.497365 -0.00112179    0.857736
   1.87159 -0.000259779  0.000380683   0.00110149   -0.509694 -0.00588253    0.858224
   1.88162  -0.00239031 -0.000151949  -0.00102904   -0.517263 -0.00258663     0.85798
   1.88627 -0.00345557 0.000380683 -0.00049641  -0.508107 0.00620243   0.859811
   1.89149 -0.00239031 0.000913315 3.62247e-05 -0.501271  0.010719  0.861276
   1.89595 -0.00132504 0.000380683  0.00163412  -0.500539 0.00388309   0.860056
    1.9459 -0.00132504 0.000380683  0.00110149  -0.500051 0.00473758   0.859933
    1.9616 -0.00185768 0.000913315 0.000568852  -0.497976 0.00693485   0.859811
   2.01164 -0.00132504 0.000380683  0.00110149 -0.504811 -0.001488  0.859933
   2.02603  -0.00185768 -0.000684581  3.62247e-05  -0.508229 0.00144169   0.861642
   2.03162 -0.00185768 -0.00174985 3.62247e-05  -0.510549 0.00192997   0.859567
   2.10171  -0.00132504 -0.000684581   0.00216675  -0.505178 0.00205204   0.856271
     2.116 -0.00185768 0.000380683  0.00269938  -0.493215 0.00485966   0.856393
    2.1216 -0.000792412 -0.000151949   0.00163412    -0.498952 -0.000755579     0.859079
     2.126  0.000805486 -0.000151949   0.00216675   -0.507619 -0.00392941    0.861154
   2.13148  0.000272853 -0.000684581   0.00110149   -0.513356 -0.00209835    0.859323
   2.13592 -0.000259779  -0.00121721  0.000568856  -0.509938 0.00376102   0.858835
   2.14163  0.000272853 -0.000151949   3.6221e-05  -0.499685 0.00974247   0.860178
   2.14584 0.000272853  0.00144595 0.000568852  -0.492849 0.00876591   0.857492
    2.1516 -0.000259779   0.00197858   0.00269938  -0.493459 0.00266239   0.856393
   2.15613 0.00133812 0.00144595 0.00216675  -0.501027 -0.0035632   0.858835
   2.16168 0.000805484 0.000380683  0.00163412   -0.505178 -0.00624874    0.860056
   2.26593  -0.00185768 -0.000151949  0.000568852    -0.507253 -0.000145228     0.859689
   2.28162  -0.00185768 -0.000151949  -0.00049641  -0.513234 0.00119755   0.859079
   2.34597 -0.00185768 0.000380683 3.62247e-05  -0.506154 0.00498173   0.859933
   2.35587  -0.00185768 -0.000151949  0.000568856  -0.505056 0.00705692   0.859323
   2.42162 -0.00132504 0.000380683  0.00269938  -0.503591 0.00339481   0.856882
   2.43585 -0.00292294  0.00197858  0.00376465  -0.493703 0.00339481   0.857736
   2.51164 -0.00239031 0.000380683  3.6221e-05   -0.504323 0.000465124     0.85798
    2.5259 -0.000792412 -0.000684581  -0.00102904    -0.51531 -0.00490597    0.858713
   2.59131 -0.000792412 -0.000684581  0.000568856   -0.512868 -0.00161007     0.86091
   2.60164 -0.000792412 -0.000684581  3.62247e-05  -0.508352 0.00803348    0.86091
   2.67164 0.000272851 0.000380683  0.00163412   -0.49944 0.00693485   0.858957
   2.68591 -0.000259781 -0.000151949   0.00163412 -0.500783 0.0051038  0.858591
   2.74164  -0.00132504 -0.000684581   0.00110149   -0.505788 0.000587194      0.8603
   2.76162  -0.00132504 -0.000151949   0.00269938   -0.505178 -0.00502804    0.862009
   2.83585 -0.00185768 0.000913315  0.00269938   -0.49944 0.00266239   0.859567
   2.85592 -0.000792412  0.000913315  0.000568852  -0.497487 0.00949833   0.858469
   2.92166  -0.00185768 -0.000684581  0.000568852  -0.505544 0.00168583   0.861887
   2.94162 -0.00292294 -0.00121721  0.00163412     -0.5053 -0.00527218    0.862619
    3.0118 -0.00292294 0.000380683 0.000568856  -0.500051 0.00205204   0.860422
   3.03171 -0.00239031 0.000380683 -0.00049641  -0.507375 0.00363895   0.858224
   3.09168 -0.000792412 -0.000151949   0.00110149   -0.506032 0.000465124    0.858835
   3.11175 0.000272853 0.000913315  0.00110149  -0.493459 0.00803348     0.8603
   3.17167 -0.000792412 -0.000151949   3.6221e-05 -0.504445 0.0018079  0.861154
   3.19163 -0.00292294 0.000380683  0.00216675   -0.504445 -0.00112179    0.858347
   3.24593 -0.00292294 0.000380683  0.00163412    -0.502736 -0.000145228     0.859567
   3.26168  -0.00239031 -0.000151949   0.00163412   -0.505056 -0.00380734    0.862009
   3.32618 -0.00185768 0.000380683  0.00110149   -0.49883 0.00461551   0.861032
   3.34596  -0.00185768 -0.000684581  -0.00102904 -0.508229 0.0051038  0.859933
    3.4123  -0.00239031 -0.000151949  0.000568852  -0.504689 0.00339481   0.857736
   3.42608 -0.00292294 0.000913315  0.00216675  -0.492482 0.00888798   0.858102
   3.56585 -0.00239031 0.000380683  0.00110149  -0.504811 0.00205204   0.859567
   3.58592  -0.00185768 -0.000684581  -0.00049641   -0.515065 -0.00637081    0.860422
   3.65584 -0.00132504 0.000380683  0.00110149  -0.500905 0.00192997    0.85798
   3.67585 -0.00132504 0.000913315  0.00163412   -0.50298 0.00290653   0.856393
   3.73181 -0.000259781 -0.000151949   0.00110149   -0.505788 0.000343054    0.857248
   3.75167   0.00187075 -0.000151949   0.00163412   -0.500295 -0.00099972    0.859811
   3.83181 -0.000259781   0.00144595   0.00216675  -0.500661 0.00168583   0.859201
   3.85175 -0.00132504 0.000913315  0.00163412  -0.505544 0.00485966   0.857248
    3.9115 -0.000792412 -0.000684581   0.00110149   -0.506154 0.000343054    0.858835
   3.93153 -0.00185768  0.00144595  0.00110149  -0.493215 0.00656864   0.859445
   3.99143 -0.00239031 0.000913315  0.00110149  -0.503469 0.00217411   0.859811
   4.01137  -0.00345557 -0.000684581  0.000568852     -0.51238 -2.31573e-05     0.859811
    4.0918  -0.00292294 -0.000151949   0.00110149 -0.504445 0.0018079  0.860544
   4.11147 -0.000792412 -0.000151949   0.00269938 -0.498098 -0.001488  0.859323
   4.17598 -0.000259779 -0.000684581   3.6221e-05   -0.50298 0.00400516   0.858835
   4.19584  -0.00185768 -0.000151949   3.6221e-05  -0.499929 0.00608036   0.859079
   4.31598  -0.0039882 0.000913315  0.00110149  -0.495534 0.00730106   0.859323
   4.34167 -0.00239031  0.00144595  0.00110149  -0.495534 0.00803348   0.858591
   4.42165 -0.00185768 0.000913315  0.00110149  -0.502004 0.00363895    0.85676
   4.44169  -0.00132504 -0.000684581  -0.00049641   -0.517141 -0.00136593     0.85676
   4.51185  0.000272853 -0.000684581   0.00110149   -0.510427 -0.00368527    0.859079
   4.53599  -0.00132504 -0.000151949   0.00163412   -0.510793 -0.00515011    0.859079
   4.61597 -0.00239031 0.000380683  0.00110149   -0.510305 -0.00405148    0.858347
   4.64171 -0.000792412 -0.000151949   0.00110149   -0.509572 -0.00441769    0.858347
   4.72166 -0.000792412 -0.000151949   0.00163412   -0.508229 -0.00392941     0.85798
   4.74588  -0.00132504 -0.000151949   0.00163412   -0.507741 0.000465124     0.85798
   4.90172 0.000272853 -0.00121721  0.00110149   -0.511037 -0.00112179    0.859445
   4.92598 -0.00185768 0.000380683  0.00323201  -0.500539 -0.0027087   0.860056
   4.99213 -0.00345557  0.00304384  0.00269938  -0.494802 0.00681278   0.858713
   5.01618 -0.00239031  0.00197858  0.00110149  -0.503347 0.00437137   0.860666
   5.07167 -0.00292294  0.00144595  0.00269938  -0.501271 0.00144169   0.859323
   5.09602 -0.00132504  0.00144595  0.00323201    -0.4959 0.00168583   0.859079
   5.17592 -0.000792412  0.000380683   0.00216675    -0.497731 -0.000511439     0.858835
    5.2017 -0.00185768 0.000913315  0.00269938  -0.492849 0.00644657   0.856515
   5.27171  -0.00185768 -0.000151949   0.00110149  -0.502736 0.00681278   0.857614
   5.29596 -0.000259781  -0.00174985  -0.00049641  -0.515187 0.00119755   0.857736
     5.436 0.000805484 -0.00174985 0.000568856   -0.515065 -0.00344113    0.859323
   5.46592 -0.000792412 -0.000684581   0.00163412   -0.502492 -0.00124386    0.859933
   5.52604 -0.000792412   0.00144595   0.00323201  -0.492604 0.00485966    0.85737
    5.5559 -0.000792412   0.00304384   0.00323201  -0.490651 0.00949833   0.856393
   5.62609 -0.000792412   0.00197858   0.00110149 -0.494558 0.0109632  0.858347
   5.65594 -0.000259779  0.000380683  3.62247e-05  -0.501027 0.00974247   0.861032
   5.76177 -0.00132504 0.000913315  0.00163412 -0.495656 0.0104749  0.859445
   5.80167 -0.00132504 0.000380683  0.00110149  -0.501516 0.00608036   0.857858
   5.86169 -0.000792412  -0.00174985  -0.00049641  -0.513478 0.00144169   0.857492
   5.89594 -0.00132504 -0.00174985 0.000568856  -0.513601 0.00156376   0.857126
   5.96585  -0.00239031 -0.000151949  0.000568856   -0.514699 -0.00246456    0.859079
   5.99599 -0.00185768  0.00144595  0.00110149  -0.504445 0.00192997   0.858102
   6.15608 -0.000792412   0.00251121   0.00216675   -0.49175 0.00937626   0.856393
   6.19155 -0.00132504  0.00144595  3.6221e-05  -0.50237 0.0051038  0.857126
   6.25171 -0.00185768 0.000380683 -0.00049641   -0.51299 0.00254032    0.85798
     6.286 -0.000792412  0.000380683   0.00110149    -0.513234 -0.000755579     0.859567
   6.35178 -0.000792412 -0.000151949   0.00163412   -0.510793 -0.00576046     0.86091
   6.38188 -0.00185768 0.000913315  0.00216675  -0.500173 0.00363895   0.860422
   6.43595 -0.000259779   0.00144595  0.000568852 -0.494435 0.0116956  0.859567
    6.4717 -0.000792412 -0.000151949  -0.00209431  -0.507497 0.00339481   0.858591
   6.53086 -0.00185768 -0.00174985 -0.00156168   -0.518117 -0.00319699     0.85737
   6.56593  -0.00185768 -0.000151949   0.00110149   -0.50237 0.00522587   0.857492
   6.72169 -0.00239031 0.000913315 0.000568852   -0.4959 0.0110852  0.859689
   6.75602  -0.00239031 -0.000151949   3.6221e-05  -0.511037 0.00168583   0.860666
   6.81579  -0.00185768 -0.000151949  0.000568856   -0.517995 -0.00295284    0.858224
   6.85612 -0.00132504 0.000380683 0.000568856  -0.511769 0.00461551   0.859445
   6.93181  -0.00185768 -0.000151949   3.6221e-05  -0.507375 0.00791141   0.860666
   6.96585  -0.00132504 -0.000684581  -0.00102904   -0.50884 0.00656864   0.860056
   7.03655 -0.000259779  -0.00121721  -0.00102904  -0.509328 0.00534794   0.860056
   7.07177  -0.00132504 -0.000151949  0.000568852  -0.500173 0.00778934   0.857736
   7.15182 -0.000259781   0.00144595   0.00163412  -0.492482 0.00717899   0.856271
    7.1917 0.000272851 0.000913315  3.6221e-05  -0.498708 0.00669071   0.858713
   7.25172 -0.00132504 0.000380683 -0.00049641  -0.502248 0.00986454   0.861276
   7.28603 -0.000792412 -0.000151949   0.00110149   -0.503713 0.000465124    0.861398
   7.34153 0.000272853 0.000380683  0.00163412     -0.5053 -0.00649288    0.861642
   7.37603 -0.00132504  0.00144595  0.00110149  -0.498342 0.00449344   0.861276
   7.43164 -0.00239031 0.000913315 0.000568856 -0.494924 0.0123059    0.8603
   7.46608 -0.000792412 -0.000151949   0.00163412  -0.502126 0.00217411     0.8603
   7.51589  0.000805484 -0.000151949   0.00216675    -0.50945 -0.00710324     0.86091
   7.55603  0.000272851 -0.000684581  -0.00049641   -0.512624 -0.00124386    0.860422
   7.64033 -0.00132504 -0.00174985 -0.00049641  -0.512746 0.00412723   0.859323
   7.67171 -0.00185768 -0.00121721  3.6221e-05    -0.51592 -0.00161007    0.858591
   7.73594  -0.00239031 -0.000151949   0.00110149  -0.517263 -0.0060046   0.858957
   7.77167 -0.00185768 0.000380683  0.00163412  -0.505422 0.00376102   0.858957
   7.85604 -0.00292294 0.000913315 3.62247e-05  -0.49529 0.0121839  0.857858
   7.89174 -0.00239031  0.00144595  0.00110149  -0.493215 0.00998661   0.856638
   7.96602 -0.000259779   0.00144595   0.00269938  -0.493825 0.00485966   0.856149
   8.00604 -0.00185768  0.00197858  0.00216675  -0.493703 0.00534794   0.856393
   8.07174 -0.00239031  0.00251121 0.000568856  -0.491506 0.00925419   0.856149
   8.10615 -0.000792412  0.000913315   0.00163412  -0.499807 0.00205204   0.859445
   8.19175 0.000272853 -0.00121721  0.00163412   -0.513356 -0.00539425    0.860788
   8.23176  0.000272853 -0.000684581  0.000568856    -0.50884 -0.00331906    0.858347
    8.2918 0.000272853 0.000380683  0.00163412   -0.503469 -0.00380734    0.859201
   8.33174 -0.00132504 0.000913315  0.00216675    -0.500905 -0.000633509     0.857858
   8.39193 -0.00239031  0.00197858  0.00269938  -0.491384 0.00705692   0.855173
   8.43153 -0.000259779   0.00197858   0.00216675  -0.490529 0.00803348   0.855173
   8.50176 -0.000259779   0.00144595   0.00216675  -0.497243 0.00131962   0.857126
   8.54606 -0.00132504 0.000380683  0.00163412  -0.501027 0.00241825   0.859933
   8.60177 -0.000792412  0.000913315   0.00216675  -0.494191 0.00791141   0.858713
   8.64593 -0.000259779  0.000913315   0.00269938   -0.497487 -0.00112179    0.859079
    8.7615 -0.000792412 -0.000684581   3.6221e-05   -0.509816 -0.00588253    0.860788
   8.80179 -0.00132504 0.000380683  0.00110149   -0.503347 -0.00161007    0.858835
   8.86186 0.000805484 0.000913315  0.00163412   -0.503347 -0.00197628    0.859079
   8.90603 0.000272851 0.000913315  0.00163412    -0.502614 -0.000145228     0.858835
   8.96601 -0.00132504 0.000380683  0.00163412 -0.503591 0.0018079  0.857858
   9.01596  -0.00185768 -0.000151949  0.000568856   -0.50237 0.00534794   0.857614
   9.06597 -0.00185768 0.000380683  0.00216675  -0.496267 0.00461551   0.857614
   9.11176 -0.000259779 -0.000684581   0.00110149    -0.507375 -0.000267298     0.858224
   9.19604 -0.000259779 -0.000684581  0.000568852  -0.504079 9.8913e-05   0.857736
    9.2518 -0.000792412  0.000913315   0.00216675 -0.494924 0.0042493  0.858102
   9.31185 -0.00185768 0.000913315  0.00269938 -0.498098 0.0018079  0.859689
   9.36132 -0.00239031 0.000913315  0.00269938   -0.497121 0.000343054    0.858102
   9.42175 -0.00239031 0.000913315  0.00163412   -0.501271 -0.00087765    0.858835
   9.47226 -0.000792412  0.000380683   0.00110149   -0.502736 -0.00331906    0.858591
   9.53178 0.000272853 0.000380683  0.00163412   -0.501393 -0.00246456    0.858347
   9.57605 -0.00132504 0.000380683 0.000568852   -0.514333 -0.00673702    0.859811
   9.65186 -0.00185768 0.000380683 -0.00049641   -0.512258 0.000831335    0.859323
   9.69619  -0.00185768 -0.000684581  3.62247e-05    -0.511525 -0.000145228     0.859689
   9.75608  -0.00185768 -0.000684581  3.62247e-05    -0.511281 -0.000389368     0.860056
   9.80185  -0.00132504 -0.000684581  -0.00049641  -0.511769 0.00241825   0.858591
   9.86655 -0.00132504 -0.00121721  0.00163412  -0.508107 0.00449344   0.857614
   9.91177 -0.00239031 0.000380683  0.00323201 -0.492482 0.0113294   0.85798
   9.95603 -0.00132504 0.000913315 0.000568852 -0.498952 0.0030286  0.859567
   10.0018 -0.000792412  0.000380683  0.000568852   -0.503957 -0.00441769    0.861276
   10.0718 -0.00292294 0.000380683 0.000568852   -0.506887 -0.00307492    0.858957
    10.116  -0.00132504 -0.000151949   3.6221e-05   -0.511525 -0.00380734    0.860056
   10.1818  0.000272853 -0.000684581  0.000568856   -0.509572 -0.00161007      0.8603
   10.2262  0.000272853 -0.000151949   0.00163412   -0.508229 -0.00161007    0.859811
   10.2859 -0.000259779 -0.000151949   0.00110149  -0.504079 0.00229618   0.861154
    10.336  -0.00132504 -0.000151949   3.6221e-05  -0.507375 0.00168583   0.861398
   10.3962 -0.000259779  0.000913315  0.000568856  -0.502614 0.00315067   0.861032
   10.4461 0.000805486 0.000380683 3.62247e-05  -0.504934 0.00485966   0.859445
    10.506 -0.00132504  0.00144595  0.00163412   -0.50176 0.00412723   0.857492
   10.5562 -0.00292294  0.00197858  0.00163412 -0.493337  0.010597  0.859323
   10.6218  -0.00185768 -0.000684581   0.00216675  -0.497976 0.00351688   0.860544
   10.6724 -0.000792412 -0.000151949   0.00376465  -0.495046 0.00461551   0.857614
   10.7318 -0.000792412  0.000913315   0.00269938  -0.499074 0.00278446   0.858835
   10.7817 -0.00185768 0.000380683  0.00269938    -0.497487 -0.000145228     0.858347
   10.8418 -0.000792412  0.000380683   0.00216675   -0.501271 -0.00087765     0.85798
    10.892 -0.000792412 -0.000684581  -0.00049641  -0.516408 -0.0060046   0.859445
    10.966 -0.00185768 0.000380683 0.000568856  -0.506765 0.00192997   0.857126
    11.016 -0.00185768 0.000380683  0.00110149   -0.506032 0.000709265    0.857126
    11.072  -0.00239031 -0.000684581  0.000568852  -0.510183 -0.0047839   0.858835
   11.1318 -0.000792412 -0.000684581   3.6221e-05    -0.507009 -0.000633509     0.858713
   11.2159  0.000805486 -0.000151949  0.000568856  -0.499807 0.00498173   0.857248
   11.2661 -0.000259779   0.00144595  0.000568856   -0.49114 0.00986454   0.858347
   11.2961 -0.00132504 0.000913315 0.000568856  -0.500661 0.00229618   0.860056
   11.3461 -0.000792412  0.000913315   0.00323202   -0.500051 -0.00209835    0.858957
   11.4116 -0.000792412   0.00197858   0.00110149  -0.494924 0.00827762   0.859567
   11.4719 -0.00132504  0.00144595 -0.00049641  -0.505056 0.00571415   0.859933
   11.5318 -0.00185768  0.00197858  0.00163412  -0.506887 0.00522587   0.860178
   11.5816 -0.00292294  0.00144595  0.00216675  -0.503835 0.00376102   0.862009
   11.6364 -0.00132504 0.000380683  0.00110149  -0.500173 0.00376102   0.860422
   11.6919 -0.00132504  0.00144595  0.00323202  -0.494558 0.00656864   0.857858
   11.8418 -0.00132504 0.000913315  0.00216675   -0.508474 -0.00197628    0.857126
   11.8917 0.000272853 0.000913315  3.6221e-05  -0.507985 0.00498173   0.859201
   11.9716 0.000272853 0.000913315  0.00110149  -0.501882 0.00485966   0.861642
   12.0262 -0.000259779   0.00144595   0.00216675   -0.498098 0.000831335    0.859323
   12.0869 -0.000259779   0.00144595   0.00163412 -0.500173 0.0051038   0.85798
   12.1418 -0.000259779 -0.000151949   0.00163412   -0.508474 -0.00136593    0.860422
   12.2018 -0.00292294 0.000913315  0.00323202   -0.49822 0.00229618     0.8603
   12.2561 -0.00292294 0.000380683  0.00163412  -0.500295 0.00827762   0.859811
   12.3218  -0.00185768 -0.000151949   0.00163412  -0.501393 0.00266239   0.858835
   12.3718  -0.00185768 -0.000151949   0.00110149  -0.502614 0.00241825   0.858224
    12.566 -0.000259779 -0.000684581  -0.00102904  -0.506887 0.00705692     0.8603
   12.6417 -0.000792412   0.00144595  0.000568852  -0.497487 0.00888798   0.858224
   12.7218 -0.00132504  0.00144595  3.6221e-05 -0.505422 0.0042493  0.856882
   12.7761 -0.000259779  0.000913315  0.000568856 -0.505544 0.0042493  0.857614
    12.932 -0.000259779  0.000380683   3.6221e-05  -0.503835 0.00595829   0.857614
   12.9919 -0.000259779 -0.000684581  -0.00102904    -0.511769 -0.000389368     0.860056
   13.0519 -0.000259779  0.000913315  0.000568856  -0.499685 0.00156376   0.858591
   13.1119 0.000272853 0.000380683 0.000568856  -0.492849 0.00315067   0.856638
   13.1917 -0.000792412 -0.000151949  0.000568856  -0.494558 0.00473758   0.858835
   13.2519  -0.00239031 -0.000151949  -0.00049641  -0.506643 0.00290653   0.858224
    13.312  -0.00239031 -0.000684581   0.00110149   -0.512258 -0.00490597    0.857858
   13.3719 -0.00239031 0.000380683  0.00216675   -0.49883 0.00229618   0.857614
   13.4319  -0.00292294 -0.000151949  -0.00049641  -0.503102 0.00742313   0.857126
   13.4919 -0.00239031 -0.00121721 -0.00049641    -0.510793 -2.31573e-05     0.860666
   13.5519 -0.00132504 0.000913315  0.00163412   -0.49822 0.00119755   0.860056
   13.6118 -0.00185768  0.00197858  0.00163412    -0.497731 -0.000145228     0.859079
   13.6919 -0.00185768 0.000380683  0.00110149    -0.50237 -0.00417355    0.859201
    13.756 -0.000259779 -0.000684581  -0.00049641   -0.504323 -0.00295284    0.859689
   13.8362 -0.000259779 -0.000151949  0.000568856   -0.500661 -0.00087765    0.859567
   13.8962 -0.00185768  0.00251121  0.00269938  -0.490529 0.00620243   0.856638
   13.9619 -0.00132504  0.00197858  3.6221e-05  -0.496999 0.00901005   0.858591
   14.0262  0.000272853 -0.000151949  -0.00102904  -0.506887 0.00119755   0.861276
   14.0818 0.000805486 0.000913315  0.00163412    -0.501271 -0.000511439     0.858102
   14.1419 -0.000259779   0.00144595   0.00163412  -0.498586 0.00803348   0.858102
   14.2019 -0.00239031 0.000380683 0.000568856  -0.508962 0.00241825   0.861398
   14.2619  -0.00292294 -0.000151949   0.00323202   -0.506276 -0.00417355    0.861642
   14.3261 -0.00132504 0.000913315  0.00482991   -0.500539 -0.00344113     0.86091
   14.3963 -0.00185768  0.00197858  0.00376465  -0.496877 0.00217411   0.857736
   14.4561 -0.00292294  0.00144595 0.000568856  -0.498098 0.00925419   0.858224
   14.5219 -0.000792412 -0.000151949  -0.00156168  -0.510793 0.00315067   0.860422
   14.5819  0.000272853 -0.000151949  0.000568852   -0.506643 -0.00173214    0.859323
   14.6419 -0.000259779 -0.000151949   0.00163412   -0.504445 -0.00405148    0.859689
   14.7262 -0.000792412  0.000380683   0.00163412   -0.504689 -0.00405148    0.859201
   14.7861 -0.000259779   0.00197858   0.00163412  -0.494924 0.00498173   0.856882
   14.8519 -0.000792412  0.000913315  0.000568856  -0.503591 0.00681278   0.858224
   14.9119  -0.00292294 -0.000151949  0.000568856   -0.514821 0.000587194    0.859689
   14.9761  -0.00132504 -0.000151949   0.00216675   -0.510915 -0.00441769    0.860788
   15.0419 -0.00132504 0.000913315  0.00376465   -0.497731 0.000465124    0.858591
    15.102 -0.00345557  0.00144595  0.00269938  -0.492238 0.00913212    0.85676
   15.1662  -0.00185768 -0.000151949  -0.00049641  -0.502004 0.00974247   0.859445
    15.232   0.00133812 -0.000684581  -0.00209431 -0.513356 0.0030286  0.859323
   15.2963  0.000272851 -0.000684581   3.6221e-05   -0.508718 -0.00185421    0.859323
   15.3563 -0.000792412  0.000380683   0.00269938  -0.494924 0.00192997   0.858835
   15.4219 0.000272853 0.000913315  0.00269938  -0.490895 0.00485966    0.85737
   15.4919  0.00133812 0.000380683  3.6221e-05  -0.493703 0.00705692   0.857492
   15.5562  0.000272851 -0.000684581  -0.00156168  -0.506643 0.00449344   0.857248
   15.6162 -0.000792412  -0.00228248  -0.00049641   -0.516164 -0.00319699    0.858713
   15.6819 0.000272853 -0.00121721 0.000568856   -0.512502 -0.00527218    0.861154
   15.7519  0.000805484 -0.000151949   0.00216675    -0.50591 -0.00563839    0.860788
   15.8162  0.00133812 0.000380683  0.00269938  -0.497121 0.00156376    0.85798
   15.8761 -0.00132504 0.000380683  0.00110149  -0.497731 0.00949833   0.858835
   15.9419  -0.00239031 -0.000151949  3.62247e-05  -0.509694 0.00156376   0.860544
   16.0365 -0.000792412  0.000380683  0.000568856   -0.513112 -0.00710324    0.859689
   16.1019 -0.000259779  0.000380683   0.00163412    -0.50591 -0.00612667    0.860544
   16.1362 0.000272853 0.000913315  0.00216675   -0.499196 -0.00283077    0.859323
    16.202 0.000272853  0.00144595  0.00216675  -0.497243 0.00461551   0.858102
   16.2661 -0.000792412  0.000380683   0.00163412 -0.498586 0.0114515  0.859811
   16.3362  0.000272851 -0.000684581   0.00216675  -0.505178 0.00168583   0.861032
   16.4263 -0.000792412 -0.000151949   0.00269938   -0.510793 -0.00771359     0.86152
   16.4961 -0.00292294  0.00144595  0.00269938   -0.502248 -0.00380734    0.860178
   16.5263 -0.00132504  0.00144595  0.00376465   -0.496389 -0.00173214     0.85798
   16.5961  -0.00132504 -0.000151949   0.00216675   -0.504689 -0.00344113    0.859445
   16.6761  -0.00292294 -0.000684581   0.00110149   -0.512502 -0.00624874    0.861276
   16.7463 -0.00239031 0.000380683  0.00269938  -0.503225 -0.0035632   0.858591
    16.806 -0.00132504  0.00144595  0.00323202  -0.493459 0.00229618   0.856271
    16.876 -0.00185768 0.000380683  0.00110149  -0.497731 0.00827762   0.858835
   16.9364  -0.00185768 -0.000151949  -0.00049641 -0.500661 0.0119397  0.861642
   17.0061  -0.00185768 -0.000151949  3.62247e-05  -0.506887 0.00547001   0.860666
    17.072  -0.00239031 -0.000684581  -0.00102904 -0.516896 -0.001488   0.85798
   17.1417  -0.00185768 -0.000151949  -0.00049641  -0.509694 0.00412723   0.858957
   17.2563 -0.00239031  0.00197858  0.00110149 -0.494313 0.0109632  0.858591
    17.332 -0.00239031  0.00251121  0.00216675  -0.492604 0.00547001   0.857126
   17.4462  -0.00185768 -0.000151949   0.00216675   -0.502614 -0.00392941    0.859323
    17.522 -0.00292294 0.000380683  0.00163412    -0.501393 -0.000511439     0.857614
    17.582 -0.00132504  0.00251121  0.00269938  -0.491506 0.00791141   0.854929
   17.6517  0.00133812 0.000913315  0.00110149  -0.497487 0.00913212   0.857492
   17.7123 -0.000259781 -0.000684581  -0.00102904  -0.507985 0.00644657   0.859689
    17.782 -0.00292294 0.000913315 0.000568852 -0.501516 0.0075452  0.858713
    17.862 -0.00132504  0.00251121  0.00216675 -0.491262 0.0121839  0.857858
   17.9319 0.000272853  0.00144595  0.00110149  -0.501882 0.00461551   0.858957
   17.9918 -0.000792412 -0.000151949   0.00110149  -0.514455 -0.0060046     0.8603
    18.062 -0.000259779 -0.000684581   0.00216675   -0.511037 -0.00746945    0.860178
   18.1263 -0.000792412 -0.000151949   0.00216675   -0.505422 -0.00539425    0.860422
   18.1962 -0.000259781  0.000913315   0.00269938   -0.496999 0.000709265    0.859567
    18.262 0.000272851 0.000380683  0.00269938    -0.495168 -0.000145228     0.858347
   18.3362  0.000272851 -0.000684581   0.00110149  -0.499685 0.00339481   0.860422
   18.4263  0.000805484 -0.000151949   0.00163412  -0.496511 0.00815555   0.858347
   18.5062 -0.000792412  0.000380683   0.00269938   -0.499807 -0.00124386    0.857492
    18.552  0.000805484 -0.000684581  0.000568852   -0.512136 -0.00392941    0.858957
